Game of Life
{0, 0, 0, 0, 0, 0, 0, 0, 0, 0, 0, 0, 0}
{0, 0, 0, 0, 0, 0, 0, 0, 0, 0, 0, 0, 0}
{0, 0, 1, 1, 0, 1, 1, 0, 1, 1, 0, 0, 0}
{0, 0, 1, 1, 0, 1, 1, 0, 1, 1, 0, 0, 0}
{0, 0, 0, 0, 0, 0, 0, 0, 0, 0, 0, 0, 0}
{0, 0, 1, 1, 1, 1, 1, 1, 1, 1, 0, 0, 0}
{0, 0, 1, 0, 0, 1, 0, 0, 1, 0, 1, 0, 0}
{0, 0, 0, 1, 0, 0, 0, 0, 0, 0, 1, 0, 0}
{0, 0, 0, 0, 1, 1, 1, 1, 1, 1, 0, 0, 0}
{0, 0, 1, 0, 1, 0, 0, 1, 0, 0, 0, 0, 0}
{0, 0, 1, 1, 0, 0, 0, 0, 0, 0, 0, 0, 0}
{0, 0, 0, 0, 0, 0, 0, 0, 0, 0, 0, 0, 0}
{0, 0, 0, 0, 0, 0, 0, 0, 0, 0, 0, 0, 0}
Sum: 37

{0, 0, 0, 0, 0, 0, 0, 0, 0, 0, 0, 0, 0}
{0, 0, 0, 0, 0, 0, 0, 0, 0, 0, 0, 0, 0}
{0, 0, 1, 1, 0, 1, 1, 0, 1, 1, 0, 0, 0}
{0, 0, 1, 1, 0, 1, 1, 0, 1, 1, 0, 0, 0}
{0, 0, 0, 0, 0, 0, 0, 0, 0, 0, 0, 0, 0}
{0, 0, 1, 1, 1, 1, 1, 1, 1, 1, 0, 0, 0}
{0, 0, 1, 0, 0, 1, 0, 0, 0, 1, 0, 0, 0}
{0, 0, 0, 1, 0, 0, 0, 1, 1, 0, 0, 0, 0}
{0, 0, 0, 0, 1, 1, 1, 0, 0, 0, 0, 0, 0}
{0, 0, 1, 0, 1, 0, 0, 1, 1, 1, 1, 0, 0}
{0, 0, 1, 1, 0, 0, 0, 1, 0, 0, 1, 0, 0}
{0, 0, 0, 0, 0, 0, 0, 0, 0, 0, 0, 0, 0}
{0, 0, 0, 0, 0, 0, 0, 0, 0, 0, 0, 0, 0}
Sum: 39

{0, 0, 0, 0, 0, 0, 0, 0, 0, 0, 0, 0, 0}
{0, 0, 0, 0, 0, 0, 0, 0, 0, 0, 0, 0, 0}
{0, 0, 1, 1, 0, 1, 1, 0, 1, 1, 0, 0, 0}
{0, 0, 1, 1, 0, 1, 1, 0, 1, 1, 0, 0, 0}
{0, 0, 0, 0, 0, 0, 0, 0, 0, 0, 0, 0, 0}
{0, 0, 1, 1, 1, 1, 1, 1, 1, 1, 0, 0, 0}
{0, 0, 1, 0, 0, 1, 0, 0, 0, 0, 1, 0, 0}
{0, 0, 0, 1, 0, 0, 0, 1, 1, 1, 1, 0, 0}
{0, 0, 0, 0, 1, 1, 1, 0, 0, 0, 0, 0, 0}
{0, 0, 1, 0, 1, 0, 0, 1, 1, 1, 1, 0, 0}
{0, 0, 1, 1, 0, 0, 0, 1, 0, 0, 1, 0, 0}
{0, 0, 0, 0, 0, 0, 0, 0, 0, 0, 0, 0, 0}
{0, 0, 0, 0, 0, 0, 0, 0, 0, 0, 0, 0, 0}
Sum: 41

{0, 0, 0, 0, 0, 0, 0, 0, 0, 0, 0, 0, 0}
{0, 0, 0, 0, 0, 0, 0, 0, 0, 0, 0, 0, 0}
{0, 0, 1, 1, 0, 1, 1, 0, 1, 1, 0, 0, 0}
{0, 0, 1, 1, 0, 1, 1, 0, 1, 1, 0, 0, 0}
{0, 0, 0, 0, 0, 0, 0, 0, 0, 0, 0, 0, 0}
{0, 0, 1, 1, 1, 1, 1, 1, 1, 1, 0, 0, 0}
{0, 0, 1, 0, 0, 1, 0, 0, 0, 0, 1, 0, 0}
{0, 0, 0, 1, 0, 0, 0, 1, 1, 1, 1, 0, 0}
{0, 0, 0, 0, 1, 1, 1, 0, 0, 0, 0, 0, 0}
{0, 0, 1, 0, 1, 0, 0, 1, 0, 1, 1, 0, 0}
{0, 0, 1, 1, 0, 0, 1, 1, 0, 1, 1, 0, 0}
{0, 0, 0, 0, 0, 0, 0, 0, 0, 0, 0, 0, 0}
{0, 0, 0, 0, 0, 0, 0, 0, 0, 0, 0, 0, 0}
Sum: 42

{0, 0, 0, 0, 0, 0, 0, 0, 0, 0, 0, 0, 0}
{0, 0, 0, 0, 0, 0, 0, 0, 0, 0, 0, 0, 0}
{0, 0, 1, 1, 0, 1, 1, 0, 1, 1, 0, 0, 0}
{0, 0, 1, 0, 1, 1, 0, 1, 1, 0, 1, 0, 0}
{0, 0, 0, 0, 0, 0, 0, 0, 0, 0, 1, 0, 0}
{0, 0, 0, 1, 1, 1, 1, 1, 0, 1, 0, 0, 0}
{0, 0, 1, 0, 0, 0, 0, 1, 0, 1, 1, 0, 0}
{0, 0, 1, 1, 1, 1, 0, 1, 0, 0, 1, 0, 0}
{0, 0, 0, 0, 0, 1, 0, 1, 1, 0, 0, 0, 0}
{0, 0, 1, 1, 0, 1, 0, 0, 1, 0, 1, 0, 0}
{0, 0, 1, 1, 0, 1, 1, 0, 0, 1, 1, 0, 0}
{0, 0, 0, 0, 0, 0, 0, 0, 0, 0, 0, 0, 0}
{0, 0, 0, 0, 0, 0, 0, 0, 0, 0, 0, 0, 0}
Sum: 43


Initial
	propagators: 542
	branchers:   1

Summary
	runtime:      16:28.987 (988987.915 ms)
	solutions:    5
	propagations: 2993740871
	nodes:        127248313
	failures:     63624152
	restarts:     0
	no-goods:     0
	peak depth:   48

