Game of Life
{0, 0, 0, 0, 0, 0, 0, 0, 0, 0, 0, 0}
{0, 0, 0, 0, 0, 0, 0, 0, 0, 0, 0, 0}
{0, 0, 1, 1, 0, 1, 1, 0, 1, 1, 0, 0}
{0, 0, 1, 1, 0, 1, 1, 0, 1, 1, 0, 0}
{0, 0, 0, 0, 0, 0, 0, 0, 0, 0, 0, 0}
{0, 0, 1, 1, 1, 1, 1, 1, 1, 1, 0, 0}
{0, 0, 1, 0, 0, 1, 0, 0, 0, 1, 0, 0}
{0, 0, 0, 1, 0, 0, 0, 1, 1, 0, 0, 0}
{0, 0, 0, 0, 1, 1, 1, 0, 0, 0, 0, 0}
{0, 0, 0, 0, 0, 0, 1, 0, 0, 0, 0, 0}
{0, 0, 0, 0, 0, 0, 0, 0, 0, 0, 0, 0}
{0, 0, 0, 0, 0, 0, 0, 0, 0, 0, 0, 0}
Sum: 30

{0, 0, 0, 0, 0, 0, 0, 0, 0, 0, 0, 0}
{0, 0, 0, 0, 0, 0, 0, 0, 0, 0, 0, 0}
{0, 0, 1, 1, 0, 1, 1, 0, 1, 1, 0, 0}
{0, 0, 1, 1, 0, 1, 1, 0, 1, 1, 0, 0}
{0, 0, 0, 0, 0, 0, 0, 0, 0, 0, 0, 0}
{0, 0, 1, 1, 1, 1, 1, 1, 1, 1, 0, 0}
{0, 0, 1, 0, 0, 0, 0, 0, 0, 1, 0, 0}
{0, 0, 0, 1, 0, 1, 1, 0, 1, 0, 0, 0}
{0, 0, 1, 1, 0, 1, 1, 0, 1, 1, 0, 0}
{0, 0, 0, 0, 0, 0, 0, 0, 0, 0, 0, 0}
{0, 0, 0, 0, 0, 0, 0, 0, 0, 0, 0, 0}
{0, 0, 0, 0, 0, 0, 0, 0, 0, 0, 0, 0}
Sum: 32

{0, 0, 0, 0, 0, 0, 0, 0, 0, 0, 0, 0}
{0, 0, 0, 0, 0, 0, 0, 0, 0, 0, 0, 0}
{0, 0, 1, 1, 0, 1, 1, 0, 1, 1, 0, 0}
{0, 0, 1, 1, 0, 1, 1, 0, 1, 1, 0, 0}
{0, 0, 0, 0, 0, 0, 0, 0, 0, 0, 0, 0}
{0, 0, 1, 1, 1, 1, 1, 1, 1, 1, 0, 0}
{0, 0, 1, 0, 0, 0, 0, 0, 0, 1, 0, 0}
{0, 0, 0, 0, 1, 1, 1, 1, 0, 0, 0, 0}
{0, 0, 1, 0, 1, 0, 0, 1, 0, 1, 0, 0}
{0, 0, 1, 1, 0, 0, 0, 0, 1, 1, 0, 0}
{0, 0, 0, 0, 0, 0, 0, 0, 0, 0, 0, 0}
{0, 0, 0, 0, 0, 0, 0, 0, 0, 0, 0, 0}
Sum: 34

{0, 0, 0, 0, 0, 0, 0, 0, 0, 0, 0, 0}
{0, 0, 0, 0, 0, 0, 0, 0, 0, 0, 0, 0}
{0, 0, 1, 1, 0, 1, 1, 0, 1, 1, 0, 0}
{0, 0, 1, 1, 0, 1, 1, 0, 1, 1, 0, 0}
{0, 0, 0, 0, 0, 0, 0, 0, 0, 0, 0, 0}
{0, 0, 1, 1, 0, 1, 1, 0, 1, 1, 0, 0}
{0, 0, 1, 1, 0, 1, 1, 0, 1, 1, 0, 0}
{0, 0, 0, 0, 0, 0, 0, 0, 0, 0, 0, 0}
{0, 0, 1, 1, 0, 1, 1, 0, 1, 1, 0, 0}
{0, 0, 1, 1, 0, 1, 1, 0, 1, 1, 0, 0}
{0, 0, 0, 0, 0, 0, 0, 0, 0, 0, 0, 0}
{0, 0, 0, 0, 0, 0, 0, 0, 0, 0, 0, 0}
Sum: 36


Initial
	propagators: 432
	branchers:   1

Summary
	runtime:      11.735 (11735.443 ms)
	solutions:    4
	propagations: 37381620
	nodes:        1621477
	failures:     810735
	restarts:     0
	no-goods:     0
	peak depth:   34

